2
7
8
1
6
4
6
9
9
9
5
0
8
8
6
5
8
2
6
6
3
0
8
6
8
6
0
1
4
2
9
5
4
5
4
6
9
8
8
2
3
8
2
2
3
3
2
7
2
1
4
7
3
4
5
0
8
7
1
8
1
5
7
7
2
6
2
6
1
9
9
5
3
1
8
3
8
8
2
0
1
8
7
6
2
9
4
9
0
7
1
6
8
8
8
5
7
2
5
6
803
624
12
435
860
910
171
729
23
663
248
143
981
234
105
199
288
284
882
922
748
723
697
717
10
687
773
928
14
926
224
519
430
90
925
807
795
369
124
550
436
496
603
863
989
973
495
881
71
248
584
492
297
956
402
15
804
440
143
256
692
269
178
321
978
228
807
59
14
334
431
402
722
502
775
85
34
342
135
864
55
493
848
936
483
330
311
666
263
608
670
400
641
630
882
841
841
138
343
356
529
1937
9383
6625
5221
1605
3193
2412
1104
3196
7758
5543
2166
9529
1079
9178
1856
281
2707
6666
482
8268
4893
2891
5545
3501
6849
9267
7376
576
975
3533
1873
3992
3240
3927
3240
9234
3734
440
6435
4881
6776
5121
3222
7014
5418
1327
6844
1676
3235
2234
4040
2318
5032
7662
1944
8998
5342
3091
2891
6626
2492
4683
9657
3300
927
3015
8849
2567
4232
3398
6080
890
8800
907
4621
4426
3195
4794
7186
9856
7898
7984
1860
8483
1499
8508
4291
2812
8091
61
77
4453
9499
8105
1165
2876
5904
1527
1970
4106
5860
1193
2794
5450
9739
8426
1197
5768
4160
176
805
712
4925
1534
4411
5120
1705
7817
9069
8371
236
8789
987
2843
4862
8027
3538
5586
1182
7833
8720
1053
5119
9270
9605
7238
2844
3744
4490
7636
6027
6388
4636
8649
7616
2441
7281
9768
3992
1722
507
9329
1926
3486
7450
9834
4459
2918
1227
9579
8350
6146
1102
7318
3803
2576
7238
5218
6391
8786
5882
9923
6690
8027
6216
4231
9701
1222
2281
1215
9275
1458
8928
8904
2012
1022
5099
8661
8725
6989
5436
1787
2835
3910
5666
5624
8605
3355
58976
48769
75074
69044
11439
51463
74216
81816
35615
37173
2451
29815
48040
54601
26630
81094
288
89964
88004
4679
19781
40256
40079
19813
62905
82277
10194
21673
69038
55592
27322
79740
92087
5000
29502
922
51806
99494
35392
54095
40180
17320
59116
42481
14179
6794
35709
96281
36831
26851
51519
7775
25563
17071
13583
64369
72215
17374
72286
93359
76887
86520
86580
64646
42223
14123
3890
81352
69211
82291
43824
69285
24075
53796
86533
86504
29692
80343
87812
13967
85153
30639
61763
96680
17952
91687
80632
1445
47417
90106
47996
29020
4481
41422
23473
5470
92493
65533
31840
49874
82346
26562
18458
31149
46185
65661
53121
82383
1015
6754
11903
97725
83627
56964
33684
72759
81433
95802
63181
81398
45667
93068
61135
52580
32431
82364
96820
34903
11860
62899
50316
37579
46478
68839
59780
20571
31857
742
7684
23708
34554
6465
2802
92151
10880
98360
47797
12896
55722
97662
55604
62391
95834
10377
73020
33819
34855
37880
27872
47270
34696
60897
70907
8393
66028
25398
7377
3300
46663
18803
65555
80290
15111
48263
44450
23823
88101
19965
21867
78807
12822
47974
91536
85053
81921
97572
8455
46292
74603
50613
76059
83966
72238
30010
52784
46398
67784
7811
84229
83388
90352
61818
82834
57332
51491
66216
89937
84987
6172
77863
6137
41424
47395
48038
4836
10907
50300
54130
79091
86789
16448
9991
24168
27251
54377
38387
22960
59968
76582
84451
91556
85653
87406
40589
11492
65032
58130
14297
5540
61903
97451
29164
96771
94879
22259
43538
55414
13573
815
95815
42212
59776
63562
53251
69514
75033
52413
30944
51071
33825
37161
20329
4849
81957
12263
21056
79054
64336
18359
9324
89759
98750
48726
53630
7439
71096
49227
40542
83753
31856
50751
37879
83935
5147
62892
65947
6311
1990
15790
74580
2272
16150
18359
77353
85874
50272
94783
10601
30899
4897
465464
348086
276486
920668
309759
1649
606271
293038
857774
798111
332193
461135
666319
8917
541608
578376
86667
352709
997666
172747
440737
349700
662903
698899
416306
962103
715978
108377
680504
529562
464440
437296
414551
278188
209406
426942
43020
588347
696503
893975
162562
743111
942082
573943
401603
808278
483330
853852
611723
423827
624319
725054
251001
626084
26025
202348
556319
599431
176189
780356
900088
15463
276865
521231
463161
708481
565929
225079
919936
612141
62492
728229
255273
428940
119568
376955
770432
30605
359377
731563
111440
453979
953825
166642
677786
599527
417018
754741
57313
137229
350511
988662
828130
226917
700976
706099
338914
442409
141676
620571
538207
721342
357521
511470
893416
47265
809967
680816
725705
915695
810746
201545
978206
151121
604718
782332
619080
32962
897293
406978
116926
558782
674116
995330
303995
682120
125676
672944
1429
947160
311532
563903
473070
436000
793467
354372
264387
852858
589827
522729
6242
147248
65953
791562
774840
370471
878281
116463
381832
487272
571591
126054
471736
13708
937440
401469
370950
31620
53591
117977
542231
800451
820427
165814
764080
570632
152125
976764
430142
6859
936752
287418
156495
346115
47785
110913
365603
220434
356374
665568
568925
976718
126219
474487
94548
52717
806247
279546
495559
745548
923221
111940
204333
920284
303535
842773
735849
77610
449340
127722
196188
700425
147738
962616
413781
677853
313591
457348
194403
626183
197689
301090
432652
530408
119934
366600
154198
497300
475581
82189
9154
687957
890251
935620
648856
705049
630522
194223
672542
856825
124572
175458
761186
980454
935269
591030
852023
571122
309294
352806
393532
674488
481814
680329
756631
525546
605763
930924
175937
817013
192518
781899
872955
254675
185949
42156
243231
858477
815698
124505
440785
855210
177600
164792
209108
921112
992053
627912
876665
484982
38707
978746
301234
161499
55505
289322
622468
763207
87231
129336
562459
821573
880103
852679
403639
365561
402030
208082
112772
673995
203161
951270
384584
746992
183501
495360
429174
981074
495150
207683
